# Created by Octave 4.2.1, Sun Nov 05 12:57:35 2017 EST <jordan@jordan-XPS-13-9343>
# name: theta
# type: cell
# rows: 1
# columns: 3
# name: <cell-element>
# type: matrix
# rows: 8
# columns: 9
 -0.1173053138839162 0.8233370829858683 0.5106334348130372 0.7077267598423953 0.5645171673171707 0.9516713209311699 0.9863572933522974 1.188679244539639 0.292187066254178
 -0.3617293128267514 0.4920239492116618 0.2196519349026274 -0.04502596131611326 -0.01679692681137896 0.7408888984399968 0.7815784018288006 1.999220419780133 0.4549911148155258
 0.8838510094289472 0.2676795062224902 0.7487550104128653 0.4629200057983087 0.6357046804466885 0.2320073008553616 0.688262617185631 0.6747754756653336 0.4479507081475897
 -0.7603611923517771 -0.6294450842171424 -1.488727839702437 0.6636460606173106 1.884430751225647 0.9808174219148931 0.1070426017005414 1.027610981950024 2.20720849008136
 -0.6682022516613283 1.711296864378421 -1.019079571065856 0.4762737405138865 0.2096106133674407 0.2799766329708345 0.2317692455093707 2.17997747128957 -0.2676729854103951
 0.8041275636490549 -0.9135763397778892 2.69066487462663 1.157369669001988 0.3516230322012242 0.8184594195322523 0.2291993804733617 -2.900291360105783 -0.2525500706157137
 1.984805691717381 -0.5170256184794424 1.906024690303354 0.6887574197351387 2.665035386827815 0.424973248441072 0.9989274238214072 1.000513923307798 -2.497234583861475
 0.5244087113820748 0.7170703744381913 0.233986566060582 0.02733687125618397 1.142966523095612 0.9941437996218864 0.4775445244547471 0.2528792747740353 0.4782709123541041



# name: <cell-element>
# type: matrix
# rows: 8
# columns: 9
 0.9775157025337771 0.874735865586999 0.08156146542708766 0.1779167730882629 0.4986206430658638 0.03927366521808783 0.279055079112971 0.4728374977651253 0.0433382810583533
 0.8849658093710393 0.452043331914441 0.9652612563207754 0.4965832066200749 0.2005683221760117 0.6649218748879649 0.6358958300141703 0.5263828424722415 0.3476327453739079
 0.7833094961840465 0.4303504398393427 0.4921590277374834 0.7013231026246933 0.5842964228443773 0.4434949639925731 0.807402442716215 1.140720262069079 0.6443052656838061
 0.42529480051176 0.7197218933240241 0.3531850408361185 0.918159280169852 0.639340373959478 0.4343964340176287 0.05292970278220586 0.6657561799017548 0.8791636361534462
 0.9720278303603256 0.919685946467394 0.4291975218640605 0.8971621871031487 0.7385116373255862 0.8667110928815055 1.088747089613038 0.2188371390719894 0.02983567008198646
 0.5409064447028997 -0.3995900776260725 -0.2653116347463881 -0.4254318703160835 -0.6535304187159543 -0.8698718441129341 1.461150349407334 1.198555417168015 -0.2150093138179039
 0.7980214762316824 0.5591119664096444 0.08094958556798493 0.6759513411430595 0.4391554984928445 0.6530446622099138 1.058515910252627 0.4598123561348774 0.3395614079513364
 -1.051251109649247 0.6579346062876046 1.658182063284496 -0.1869949552747928 3.4793712915468 2.512570014850127 -4.173904164395899 -3.56604862585836 0.3161877285535097



# name: <cell-element>
# type: matrix
# rows: 1
# columns: 9
 -1.457010058783446 -0.697115278519153 -0.9239011398162822 -1.673764524086 -0.5375657838022604 -1.206661005852417 -2.494400490285366 -1.14517160334604 8.76774976789701





