# Created by Octave 4.2.1, Thu Nov 09 12:51:51 2017 EST <shabab@v1020-wn-1-15.campus-dynamic.uwaterloo.ca>
# name: foo
# type: matrix
# rows: 1
# columns: 3
 1 2 3


